0 20
0 23
0 26
0 27
0 28
0 30
0 32
0 34
0 35
0 36
0 37
1 20
1 21
1 22
1 23
1 28
1 29
1 30
1 31
1 33
1 39
2 20
2 21
2 22
2 29
2 31
2 32
2 35
2 36
2 38
3 20
3 24
3 25
3 27
3 28
3 30
3 34
3 35
3 36
3 38
4 20
4 22
4 23
4 25
4 27
4 28
4 30
4 31
4 33
4 36
4 37
4 38
4 39
5 20
5 22
5 24
5 26
5 27
5 32
5 34
5 37
5 38
5 39
6 20
6 21
6 22
6 23
6 29
6 31
6 33
6 34
6 36
6 39
7 21
7 24
7 27
7 31
7 35
7 37
7 39
8 20
8 21
8 26
8 28
8 29
8 31
8 33
8 35
8 39
9 20
9 22
9 23
9 24
9 27
9 30
10 22
10 24
10 26
10 28
10 29
10 30
10 31
10 32
10 33
10 34
10 35
11 21
11 22
11 23
11 24
11 28
11 30
11 34
11 38
11 39
12 21
12 22
12 23
12 25
12 29
12 30
12 31
12 34
12 35
12 36
12 39
13 21
13 22
13 23
13 24
13 26
13 27
13 28
13 31
13 34
13 35
13 37
13 39
14 23
14 25
14 26
14 27
14 28
14 29
14 33
14 35
14 36
15 26
15 30
15 33
15 38
15 39
16 21
16 22
16 24
16 26
16 28
16 29
16 32
16 36
16 38
16 39
17 23
17 24
17 25
17 28
17 29
17 30
17 32
17 34
17 36
17 38
17 39
18 20
18 21
18 23
18 25
18 27
18 30
18 33
18 35
18 37
18 39
19 21
19 22
19 24
19 26
19 27
19 29
19 30
19 33
19 34
